{"nbformat":4,"nbformat_minor":0,"metadata":{"colab":{"provenance":[],"authorship_tag":"ABX9TyPeQA1jiBfv5zlDl7Q+WyTF"},"kernelspec":{"name":"python3","display_name":"Python 3"},"language_info":{"name":"python"}},"cells":[{"cell_type":"code","execution_count":1,"metadata":{"id":"J4PjcPq3Ldhj","executionInfo":{"status":"ok","timestamp":1726023738943,"user_tz":300,"elapsed":15360,"user":{"displayName":"Anjan Kumar Dev","userId":"10866355726897008846"}}},"outputs":[],"source":["from google.colab import drive\n","import pandas as pd\n","from sklearn.preprocessing import StandardScaler\n","from scipy import stats\n","import numpy as np\n","import logging\n","from sklearn.model_selection import train_test_split\n","from sklearn.preprocessing import MinMaxScaler\n","from tensorflow.keras.models import Sequential\n","from tensorflow.keras.layers import LSTM, Dense\n","from datetime import datetime\n","import matplotlib.pyplot as plt\n","import tensorflow as tf\n","import datetime\n","import matplotlib.dates as mdates\n","import os"]},{"cell_type":"code","source":["from google.colab import drive\n","\n","# Mount Google Drive\n","drive.mount('/content/drive')\n","\n","# Set the base path to the desired directory on Google Drive\n","base_path = '/content/drive/MyDrive/Study_1_Data/'"],"metadata":{"colab":{"base_uri":"https://localhost:8080/"},"id":"b_UrHxJKLnrE","executionInfo":{"status":"ok","timestamp":1726023759429,"user_tz":300,"elapsed":20495,"user":{"displayName":"Anjan Kumar Dev","userId":"10866355726897008846"}},"outputId":"ec2d8567-dfd5-4719-fa0a-96cdf53c1f7f"},"execution_count":2,"outputs":[{"output_type":"stream","name":"stdout","text":["Mounted at /content/drive\n"]}]},{"cell_type":"code","source":["def read_csv(file_path):\n","    data = pd.read_csv(file_path)\n","    return data"],"metadata":{"id":"0CatC3sDMqWe","executionInfo":{"status":"ok","timestamp":1726023759431,"user_tz":300,"elapsed":28,"user":{"displayName":"Anjan Kumar Dev","userId":"10866355726897008846"}}},"execution_count":3,"outputs":[]},{"cell_type":"code","source":["def process_data(data, columns_to_remove):\n","\n","    processed_data = data.drop(columns=columns_to_remove).values\n","    return processed_data"],"metadata":{"id":"Y7oylSvBMuud","executionInfo":{"status":"ok","timestamp":1726023759431,"user_tz":300,"elapsed":24,"user":{"displayName":"Anjan Kumar Dev","userId":"10866355726897008846"}}},"execution_count":4,"outputs":[]},{"cell_type":"code","source":["def construct_3d_array(base_dir, participants, simulations, columns_to_remove_hr, columns_to_remove_gsr, columns_to_remove_head, columns_to_remove_eye):\n","    \"\"\"\n","    Construct 3D array from CSV files.\n","    \"\"\"\n","    num_rows = 180  # Define number of rows to keep (last 180 rows)\n","    arrays_3d = []\n","\n","    for participant in participants:\n","        participant_id = f\"{int(participant):02d}\"  # Format participant number to two digits\n","\n","        valid_simulations = []\n","\n","        for simulation in simulations:\n","            hr_file_path = os.path.join(base_dir, participant_id, simulation, f'HR{simulation.capitalize()}.csv')\n","            gsr_file_path = os.path.join(base_dir, participant_id, simulation, f'EDA{simulation.capitalize()}_downsampled.csv')\n","            head_file_path = os.path.join(base_dir, participant_id, simulation, 'head_tracking_downsampled.csv')\n","            eye_file_path = os.path.join(base_dir, participant_id, simulation, 'eye_tracking_downsampled.csv')\n","\n","            # Check if all files exist\n","            if all(os.path.exists(file) for file in [hr_file_path, gsr_file_path, head_file_path, eye_file_path]):\n","                valid_simulations.append(simulation)\n","\n","        num_valid_simulations = len(valid_simulations)\n","        if num_valid_simulations == 0:\n","            continue  # Skip this participant if no valid simulations are found\n","\n","        array_3d = np.zeros((num_valid_simulations, num_rows, 47)) # hr=1, gsr=1, head=15-3, eye=41-8 total columns after removing columns= 48\n","\n","        for s_idx, simulation in enumerate(valid_simulations):\n","            # Process hr data\n","            hr_file_path = os.path.join(base_dir, participant_id, simulation, f'HR{simulation.capitalize()}.csv')\n","            hr_data = read_csv(hr_file_path)\n","            processed_hr_data = process_data(hr_data, columns_to_remove_hr)\n","            processed_hr_data = processed_hr_data[-num_rows:]  # Keep only the last 180 rows\n","\n","            # Process gsr data\n","            gsr_file_path = os.path.join(base_dir, participant_id, simulation, f'EDA{simulation.capitalize()}_downsampled.csv')\n","            gsr_data = read_csv(gsr_file_path)\n","            processed_gsr_data = process_data(gsr_data, columns_to_remove_gsr)\n","            processed_gsr_data = processed_gsr_data[-num_rows:]  # Keep only the last 180 rows\n","\n","            # Process head data\n","            head_file_path = os.path.join(base_dir, participant_id, simulation, 'head_tracking_downsampled.csv')\n","            head_data = read_csv(head_file_path)\n","            processed_head_data = process_data(head_data, columns_to_remove_head)\n","            processed_head_data = processed_head_data[-num_rows:]  # Keep only the last 180 rows\n","\n","            # Process eye data\n","            eye_file_path = os.path.join(base_dir, participant_id, simulation, 'eye_tracking_downsampled.csv')\n","            eye_data = read_csv(eye_file_path)\n","            processed_eye_data = process_data(eye_data, columns_to_remove_eye)\n","            processed_eye_data = processed_eye_data[-num_rows:]  # Keep only the last 180 rows\n","\n","            # Combine processed data\n","            combined_data = np.concatenate((processed_hr_data, processed_gsr_data, processed_head_data, processed_eye_data), axis=1)\n","\n","            array_3d[s_idx, :, :] = combined_data\n","\n","        arrays_3d.append(array_3d)\n","\n","    return arrays_3d\n"],"metadata":{"id":"jf2GdQhMM0WZ","executionInfo":{"status":"ok","timestamp":1726023759431,"user_tz":300,"elapsed":22,"user":{"displayName":"Anjan Kumar Dev","userId":"10866355726897008846"}}},"execution_count":5,"outputs":[]},{"cell_type":"code","source":["sample_size=30\n","# simulations_train = ['noise','bumps']\n","# simulations_test=['flat']\n","# val_indices = [4, 10, 11, 26, 28, 31, 33, 37] # for flat\n","# train_indices = [0, 1, 2, 3, 5, 6, 7, 8, 9, 12, 13, 14, 15, 16, 17, 18, 19, 20, 21, 22, 23, 24, 25, 27, 29, 30, 32, 34, 35, 36, 38, 39, 40, 41] # for flat\n","\n","\n","# simulations_test=['noise']\n","# simulations_train = ['flat','bumps']\n","# val_indices = [7, 15, 17, 19, 28, 31, 32, 42, 44, 48] # for noise\n","# train_indices = [0, 1, 2, 3, 4, 5, 6, 8, 9, 10, 11, 12, 13, 14, 16, 18, 20, 21, 22, 23, 24, 25, 26, 27, 29, 30, 33, 34, 35, 36, 37, 38, 39, 40, 41, 43, 45, 46, 47] # for noise\n","\n","simulations_test=['bumps']\n","simulations_train = ['flat','noise']\n","val_indices = [1, 12, 16, 18, 22, 26, 28, 37, 41] # for speedbumps\n","train_indices = [0, 2, 3, 4, 5, 6, 7, 8, 9, 10, 11, 13, 14, 15, 17, 19, 20, 21, 23, 24, 25, 27, 29, 30, 31, 32, 33, 34, 35, 36, 38, 39, 40, 42, 43, 44] # for speedbumps"],"metadata":{"id":"cSsMRThijqes","executionInfo":{"status":"ok","timestamp":1726023759432,"user_tz":300,"elapsed":21,"user":{"displayName":"Anjan Kumar Dev","userId":"10866355726897008846"}}},"execution_count":6,"outputs":[]},{"cell_type":"code","source":["participants = [str(i) for i in range(1, 27)]  # Participants 101 to 123\n","columns_to_remove_hr = []\n","columns_to_remove_gsr = []\n","columns_to_remove_eye = ['#Frame','Time', 'Unnamed: 40','ConvergenceValid','Left_Eye_Closed','Right_Eye_Closed','LocalGazeValid','WorldGazeValid']\n","columns_to_remove_head = ['#Frame','Time', 'Unnamed: 14']"],"metadata":{"id":"UOh193YHNNs5","executionInfo":{"status":"ok","timestamp":1726023759432,"user_tz":300,"elapsed":21,"user":{"displayName":"Anjan Kumar Dev","userId":"10866355726897008846"}}},"execution_count":7,"outputs":[]},{"cell_type":"code","source":["arrays_train = construct_3d_array(base_path, participants, simulations_train, columns_to_remove_hr, columns_to_remove_gsr, columns_to_remove_head, columns_to_remove_eye)\n","arrays_test = construct_3d_array(base_path, participants, simulations_test, columns_to_remove_hr, columns_to_remove_gsr, columns_to_remove_head, columns_to_remove_eye)\n"],"metadata":{"id":"vZH437F0UjQU","executionInfo":{"status":"ok","timestamp":1726023887475,"user_tz":300,"elapsed":128060,"user":{"displayName":"Anjan Kumar Dev","userId":"10866355726897008846"}}},"execution_count":8,"outputs":[]},{"cell_type":"code","source":["# Concatenate arrays along the first axis\n","input_train = np.concatenate(arrays_train, axis=0)\n","input_test = np.concatenate(arrays_test, axis=0)\n","\n","# Display the shape of the final concatenated 3D array\n","print(f\"Shape of the final concatenated 3D array: {input_train.shape}\")\n","print(f\"Shape of the final concatenated 3D array: {input_test.shape}\")"],"metadata":{"colab":{"base_uri":"https://localhost:8080/"},"id":"Y3xV5lG0Y-xo","executionInfo":{"status":"ok","timestamp":1726023887480,"user_tz":300,"elapsed":44,"user":{"displayName":"Anjan Kumar Dev","userId":"10866355726897008846"}},"outputId":"68ffc9ff-2cf9-421c-fb1e-41e9c91c7e83"},"execution_count":9,"outputs":[{"output_type":"stream","name":"stdout","text":["Shape of the final concatenated 3D array: (45, 180, 47)\n","Shape of the final concatenated 3D array: (23, 180, 47)\n"]}]},{"cell_type":"code","source":["def calculate_total_ssq(csv_file):\n","    # Read the CSV file into a DataFrame\n","    df = pd.read_csv(csv_file)\n","    n_columns = [0, 5, 6, 7, 8, 14, 15]\n","    o_columns = [0, 1, 2, 3, 4, 8, 10]\n","    d_columns = [4, 7, 9, 10, 11, 12, 13]\n","\n","    # Calculate sum for each specified set of columns\n","    n_val = df.iloc[:, n_columns].sum(axis=1)\n","    o_val = df.iloc[:, o_columns].sum(axis=1)\n","    d_val = df.iloc[:, d_columns].sum(axis=1)\n","\n","    return n_val,o_val,d_val"],"metadata":{"id":"K8OE1_UCaUlK","executionInfo":{"status":"ok","timestamp":1726023887482,"user_tz":300,"elapsed":33,"user":{"displayName":"Anjan Kumar Dev","userId":"10866355726897008846"}}},"execution_count":10,"outputs":[]},{"cell_type":"code","source":["def merge_ssq_column(conditions,participants):\n","  directories = []\n","  total_ssq_values = []\n","  for participant in participants:\n","      participant = f\"{int(participant):02d}\"\n","      for condition in conditions:\n","          directory = os.path.join(base_path, participant, condition)\n","          directories.append(directory)\n","\n","  # Loop through each directory\n","  for directory in directories:\n","      # Check if the directory exists\n","      if not os.path.exists(directory):\n","          continue\n","\n","      # Get all CSV files in the directory that are named 'ssq.csv'\n","      csv_files = [file for file in os.listdir(directory) if file == 'ssq.csv']\n","\n","      # Loop through each CSV file\n","      for csv_file in csv_files:\n","          csv_path = os.path.join(directory, csv_file)\n","          df = pd.read_csv(csv_path)\n","          # n_val,o_val,d_val = calculate_total_ssq(csv_path)\n","          # total_ssq_values.append([n_val, o_val, d_val])\n","          ssq_values_participant = df.iloc[:, 0:17].values.flatten()   # Assuming SSQ values are in columns 1 to 16\n","          total_ssq_values.append(ssq_values_participant)\n","  ssq_array = np.array(total_ssq_values)\n","  return ssq_array\n","\n","def merge_total_ssq(conditions,participants):\n","  directories = []\n","  total_ssq_values = []\n","  for participant in participants:\n","      participant = f\"{int(participant):02d}\"\n","      for condition in conditions:\n","          directory = os.path.join(base_path, participant, condition)\n","          directories.append(directory)\n","\n","  # Loop through each directory\n","  for directory in directories:\n","      # Check if the directory exists\n","      if not os.path.exists(directory):\n","          continue\n","\n","      # Get all CSV files in the directory that are named 'ssq.csv'\n","      csv_files = [file for file in os.listdir(directory) if file == 'ssq.csv']\n","\n","      # Loop through each CSV file\n","      for csv_file in csv_files:\n","          csv_path = os.path.join(directory, csv_file)\n","          n_val,o_val,d_val = calculate_total_ssq(csv_path)\n","          total_ssq = (n_val+o_val+d_val) * 3.74\n","          df = pd.read_csv(csv_path)\n","          df[\"total-ssq\"] = total_ssq\n","          #print(\"csv_path: \",csv_path,\"   \",total_ssq)\n","          total_ssq_values.append(total_ssq)\n","  # Create a DataFrame from the list of total SSQ values\n","  df_total_ssq = pd.DataFrame(total_ssq_values, columns=[\"total-ssq\"])\n","  # Convert the list of total SSQ values to a NumPy array\n","  total_ssq_array = np.array(total_ssq_values)\n","  return total_ssq_array\n","\n"],"metadata":{"id":"661DnZ4gxXir","executionInfo":{"status":"ok","timestamp":1726023887485,"user_tz":300,"elapsed":32,"user":{"displayName":"Anjan Kumar Dev","userId":"10866355726897008846"}}},"execution_count":11,"outputs":[]},{"cell_type":"code","source":["output_train=merge_ssq_column(simulations_train,participants)\n","output_train = np.squeeze(output_train)\n","output_test=merge_ssq_column(simulations_test,participants)\n","output_test = np.squeeze(output_test)\n","output_train_total_ssq=merge_total_ssq(simulations_train,participants)\n","output_test_total_ssq=merge_total_ssq(simulations_test,participants)\n","output_train_total_ssq=output_train_total_ssq.reshape(-1, 1)\n","output_test_total_ssq=output_test_total_ssq.reshape(-1, 1)\n","print(output_train.shape,output_test.shape,output_train_total_ssq.shape,output_test_total_ssq.shape)\n","# print(output_train)\n","# print(output_train_total_ssq)\n"],"metadata":{"id":"dCVwhePOeZak","executionInfo":{"status":"ok","timestamp":1726023912546,"user_tz":300,"elapsed":25090,"user":{"displayName":"Anjan Kumar Dev","userId":"10866355726897008846"}},"colab":{"base_uri":"https://localhost:8080/"},"outputId":"78036a9e-635d-4e48-cbcf-197510f0b8d9"},"execution_count":12,"outputs":[{"output_type":"stream","name":"stdout","text":["(45, 16) (23, 16) (45, 1) (23, 1)\n"]}]},{"cell_type":"code","source":["import numpy as np\n","np.set_printoptions(precision=2)\n","from scipy.stats import spearmanr\n","\n","stacked_data = np.vstack((output_train, output_test))\n","\n","# Compute the Spearman correlation\n","corr, p_value = spearmanr(stacked_data, axis=0)\n","\n","# Print the correlation matrix\n","print(\"Spearman correlation matrix:\")\n","print(corr)\n","print(\"P-values matrix:\")\n","print(p_value)\n","# Compute the Pearson correlation\n","corr = np.corrcoef(stacked_data, rowvar=False)\n","\n","\n","# Print the  correlation matrix\n","print(\"Pearson correlation matrix:\")\n","print(corr)"],"metadata":{"colab":{"base_uri":"https://localhost:8080/"},"id":"KDhyEaTbQIQO","executionInfo":{"status":"ok","timestamp":1726023912547,"user_tz":300,"elapsed":69,"user":{"displayName":"Anjan Kumar Dev","userId":"10866355726897008846"}},"outputId":"b776ee2c-31b2-4bbe-deb8-a1fdcacb2ffc"},"execution_count":13,"outputs":[{"output_type":"stream","name":"stdout","text":["Spearman correlation matrix:\n","[[ 1.00e+00  3.39e-01  3.78e-01  2.85e-01  1.64e-01  4.66e-01  5.03e-01\n","   7.59e-01  6.59e-02  2.49e-01  2.18e-01  2.17e-01  4.90e-01  3.21e-01\n","   5.56e-01  1.54e-01]\n"," [ 3.39e-01  1.00e+00  3.41e-01  3.13e-01  3.92e-01  3.68e-01  1.61e-01\n","   3.19e-01  3.58e-01  1.90e-01  5.47e-01  1.13e-01  3.02e-01  4.41e-01\n","   3.40e-01  1.34e-01]\n"," [ 3.78e-01  3.41e-01  1.00e+00  1.67e-01  8.65e-02  2.66e-01  4.45e-02\n","   4.11e-01  1.37e-01  6.16e-01  9.35e-02  9.27e-02  2.77e-01  5.85e-02\n","   3.17e-01  5.39e-02]\n"," [ 2.85e-01  3.13e-01  1.67e-01  1.00e+00  2.24e-01 -6.38e-04  2.20e-01\n","   1.88e-01  1.37e-01  3.88e-01  2.63e-01  1.04e-01  1.48e-01  2.49e-01\n","   1.74e-01  8.65e-02]\n"," [ 1.64e-01  3.92e-01  8.65e-02  2.24e-01  1.00e+00  2.70e-01  2.90e-01\n","   3.14e-01  5.85e-01  1.69e-01  4.35e-01  3.05e-01  2.86e-01  4.43e-01\n","   2.71e-01  2.33e-01]\n"," [ 4.66e-01  3.68e-01  2.66e-01 -6.38e-04  2.70e-01  1.00e+00  3.66e-01\n","   5.59e-01  4.57e-01  2.41e-01  5.33e-01  2.10e-01  4.91e-01  4.32e-01\n","   6.63e-01  2.22e-01]\n"," [ 5.03e-01  1.61e-01  4.45e-02  2.20e-01  2.90e-01  3.66e-01  1.00e+00\n","   5.77e-01  8.27e-02  4.28e-02  3.93e-01  3.17e-01  3.81e-01  3.12e-01\n","   5.11e-01  4.95e-01]\n"," [ 7.59e-01  3.19e-01  4.11e-01  1.88e-01  3.14e-01  5.59e-01  5.77e-01\n","   1.00e+00  1.09e-01  2.11e-01  2.94e-01  3.16e-01  6.40e-01  2.79e-01\n","   6.67e-01  2.41e-01]\n"," [ 6.59e-02  3.58e-01  1.37e-01  1.37e-01  5.85e-01  4.57e-01  8.27e-02\n","   1.09e-01  1.00e+00  2.46e-01  5.26e-01  2.05e-01  2.55e-01  5.33e-01\n","   2.27e-01  2.00e-01]\n"," [ 2.49e-01  1.90e-01  6.16e-01  3.88e-01  1.69e-01  2.41e-01  4.28e-02\n","   2.11e-01  2.46e-01  1.00e+00  1.91e-01  1.94e-01  3.94e-01  1.41e-01\n","   2.57e-01  5.03e-03]\n"," [ 2.18e-01  5.47e-01  9.35e-02  2.63e-01  4.35e-01  5.33e-01  3.93e-01\n","   2.94e-01  5.26e-01  1.91e-01  1.00e+00  4.61e-01  4.55e-01  7.05e-01\n","   3.27e-01  3.93e-01]\n"," [ 2.17e-01  1.13e-01  9.27e-02  1.04e-01  3.05e-01  2.10e-01  3.17e-01\n","   3.16e-01  2.05e-01  1.94e-01  4.61e-01  1.00e+00  5.42e-01  3.64e-01\n","   3.01e-01  2.69e-01]\n"," [ 4.90e-01  3.02e-01  2.77e-01  1.48e-01  2.86e-01  4.91e-01  3.81e-01\n","   6.40e-01  2.55e-01  3.94e-01  4.55e-01  5.42e-01  1.00e+00  3.51e-01\n","   5.68e-01  3.57e-01]\n"," [ 3.21e-01  4.41e-01  5.85e-02  2.49e-01  4.43e-01  4.32e-01  3.12e-01\n","   2.79e-01  5.33e-01  1.41e-01  7.05e-01  3.64e-01  3.51e-01  1.00e+00\n","   3.31e-01  3.18e-01]\n"," [ 5.56e-01  3.40e-01  3.17e-01  1.74e-01  2.71e-01  6.63e-01  5.11e-01\n","   6.67e-01  2.27e-01  2.57e-01  3.27e-01  3.01e-01  5.68e-01  3.31e-01\n","   1.00e+00  3.62e-01]\n"," [ 1.54e-01  1.34e-01  5.39e-02  8.65e-02  2.33e-01  2.22e-01  4.95e-01\n","   2.41e-01  2.00e-01  5.03e-03  3.93e-01  2.69e-01  3.57e-01  3.18e-01\n","   3.62e-01  1.00e+00]]\n","P-values matrix:\n","[[0.00e+00 4.64e-03 1.46e-03 1.87e-02 1.83e-01 6.20e-05 1.22e-05 6.29e-14\n","  5.93e-01 4.02e-02 7.38e-02 7.61e-02 2.18e-05 7.57e-03 8.36e-07 2.11e-01]\n"," [4.64e-03 0.00e+00 4.46e-03 9.31e-03 9.58e-04 2.00e-03 1.89e-01 8.00e-03\n","  2.72e-03 1.20e-01 1.38e-06 3.57e-01 1.22e-02 1.65e-04 4.60e-03 2.76e-01]\n"," [1.46e-03 4.46e-03 0.00e+00 1.73e-01 4.83e-01 2.82e-02 7.18e-01 4.91e-04\n","  2.67e-01 2.27e-08 4.48e-01 4.52e-01 2.21e-02 6.36e-01 8.43e-03 6.62e-01]\n"," [1.87e-02 9.31e-03 1.73e-01 0.00e+00 6.65e-02 9.96e-01 7.09e-02 1.25e-01\n","  2.65e-01 1.07e-03 3.00e-02 3.99e-01 2.28e-01 4.05e-02 1.57e-01 4.83e-01]\n"," [1.83e-01 9.58e-04 4.83e-01 6.65e-02 0.00e+00 2.62e-02 1.64e-02 9.05e-03\n","  1.65e-07 1.69e-01 2.09e-04 1.14e-02 1.81e-02 1.55e-04 2.56e-02 5.59e-02]\n"," [6.20e-05 2.00e-03 2.82e-02 9.96e-01 2.62e-02 0.00e+00 2.16e-03 7.39e-07\n","  9.06e-05 4.73e-02 2.83e-06 8.60e-02 2.17e-05 2.34e-04 7.21e-10 6.89e-02]\n"," [1.22e-05 1.89e-01 7.18e-01 7.09e-02 1.64e-02 2.16e-03 0.00e+00 2.55e-07\n","  5.02e-01 7.29e-01 9.21e-04 8.51e-03 1.33e-03 9.53e-03 8.36e-06 1.76e-05]\n"," [6.29e-14 8.00e-03 4.91e-04 1.25e-01 9.05e-03 7.39e-07 2.55e-07 0.00e+00\n","  3.78e-01 8.40e-02 1.49e-02 8.65e-03 4.29e-09 2.13e-02 5.41e-10 4.82e-02]\n"," [5.93e-01 2.72e-03 2.67e-01 2.65e-01 1.65e-07 9.06e-05 5.02e-01 3.78e-01\n","  0.00e+00 4.35e-02 4.07e-06 9.42e-02 3.59e-02 2.90e-06 6.23e-02 1.01e-01]\n"," [4.02e-02 1.20e-01 2.27e-08 1.07e-03 1.69e-01 4.73e-02 7.29e-01 8.40e-02\n","  4.35e-02 0.00e+00 1.20e-01 1.12e-01 8.98e-04 2.50e-01 3.42e-02 9.68e-01]\n"," [7.38e-02 1.38e-06 4.48e-01 3.00e-02 2.09e-04 2.83e-06 9.21e-04 1.49e-02\n","  4.07e-06 1.20e-01 0.00e+00 7.64e-05 9.62e-05 2.01e-11 6.42e-03 9.25e-04]\n"," [7.61e-02 3.57e-01 4.52e-01 3.99e-01 1.14e-02 8.60e-02 8.51e-03 8.65e-03\n","  9.42e-02 1.12e-01 7.64e-05 0.00e+00 1.82e-06 2.29e-03 1.26e-02 2.63e-02]\n"," [2.18e-05 1.22e-02 2.21e-02 2.28e-01 1.81e-02 2.17e-05 1.33e-03 4.29e-09\n","  3.59e-02 8.98e-04 9.62e-05 1.82e-06 0.00e+00 3.36e-03 4.32e-07 2.82e-03]\n"," [7.57e-03 1.65e-04 6.36e-01 4.05e-02 1.55e-04 2.34e-04 9.53e-03 2.13e-02\n","  2.90e-06 2.50e-01 2.01e-11 2.29e-03 3.36e-03 0.00e+00 5.90e-03 8.30e-03]\n"," [8.36e-07 4.60e-03 8.43e-03 1.57e-01 2.56e-02 7.21e-10 8.36e-06 5.41e-10\n","  6.23e-02 3.42e-02 6.42e-03 1.26e-02 4.32e-07 5.90e-03 0.00e+00 2.39e-03]\n"," [2.11e-01 2.76e-01 6.62e-01 4.83e-01 5.59e-02 6.89e-02 1.76e-05 4.82e-02\n","  1.01e-01 9.68e-01 9.25e-04 2.63e-02 2.82e-03 8.30e-03 2.39e-03 0.00e+00]]\n","Pearson correlation matrix:\n","[[1.   0.36 0.33 0.19 0.21 0.59 0.63 0.85 0.19 0.28 0.28 0.24 0.52 0.33\n","  0.71 0.24]\n"," [0.36 1.   0.41 0.29 0.48 0.48 0.18 0.32 0.5  0.35 0.58 0.16 0.45 0.52\n","  0.41 0.24]\n"," [0.33 0.41 1.   0.16 0.17 0.3  0.02 0.34 0.23 0.6  0.12 0.06 0.26 0.09\n","  0.28 0.05]\n"," [0.19 0.29 0.16 1.   0.2  0.02 0.16 0.08 0.13 0.4  0.22 0.11 0.18 0.2\n","  0.14 0.12]\n"," [0.21 0.48 0.17 0.2  1.   0.42 0.33 0.32 0.69 0.37 0.59 0.47 0.48 0.59\n","  0.32 0.37]\n"," [0.59 0.48 0.3  0.02 0.42 1.   0.47 0.65 0.57 0.36 0.61 0.27 0.61 0.53\n","  0.73 0.4 ]\n"," [0.63 0.18 0.02 0.16 0.33 0.47 1.   0.71 0.2  0.09 0.4  0.33 0.48 0.37\n","  0.62 0.53]\n"," [0.85 0.32 0.34 0.08 0.32 0.65 0.71 1.   0.23 0.26 0.32 0.29 0.63 0.32\n","  0.79 0.37]\n"," [0.19 0.5  0.23 0.13 0.69 0.57 0.2  0.23 1.   0.47 0.7  0.33 0.52 0.66\n","  0.33 0.4 ]\n"," [0.28 0.35 0.6  0.4  0.37 0.36 0.09 0.26 0.47 1.   0.4  0.28 0.49 0.37\n","  0.32 0.17]\n"," [0.28 0.58 0.12 0.22 0.59 0.61 0.4  0.32 0.7  0.4  1.   0.49 0.67 0.78\n","  0.41 0.52]\n"," [0.24 0.16 0.06 0.11 0.47 0.27 0.33 0.29 0.33 0.28 0.49 1.   0.54 0.41\n","  0.26 0.36]\n"," [0.52 0.45 0.26 0.18 0.48 0.61 0.48 0.63 0.52 0.49 0.67 0.54 1.   0.57\n","  0.61 0.58]\n"," [0.33 0.52 0.09 0.2  0.59 0.53 0.37 0.32 0.66 0.37 0.78 0.41 0.57 1.\n","  0.45 0.43]\n"," [0.71 0.41 0.28 0.14 0.32 0.73 0.62 0.79 0.33 0.32 0.41 0.26 0.61 0.45\n","  1.   0.42]\n"," [0.24 0.24 0.05 0.12 0.37 0.4  0.53 0.37 0.4  0.17 0.52 0.36 0.58 0.43\n","  0.42 1.  ]]\n"]}]},{"cell_type":"code","source":["# import numpy as np\n","\n","\n","# new_data = np.zeros((38, 3))\n","\n","# # Assigning original serial numbers to the first column\n","# new_data[:, 0] = np.arange(1, 39)\n","\n","# # Assigning original values to the second column\n","# new_data[:, 1] = output_train[:, 0]\n","\n","# # Sorting the array based on the values (second column)\n","# sorted_indices = np.argsort(new_data[:, 1])\n","# sorted_data = new_data[sorted_indices]\n","\n","# # Assigning new serial numbers to the third column\n","# current_val = sorted_data[0][1]\n","# start_idx = 0\n","# for i, row in enumerate(sorted_data):\n","#     if row[1] != current_val:\n","#         sorted_data[start_idx:i, 2] = np.arange(start_idx + 1, i + 1)\n","#         start_idx = i\n","#         current_val = row[1]\n","\n","# # Assigning new serial numbers for the last group\n","# sorted_data[start_idx:, 2] = np.arange(start_idx + 1, len(sorted_data) + 1)\n","\n","# #print(sorted_data)\n"],"metadata":{"id":"sw6idwKupQTm","executionInfo":{"status":"ok","timestamp":1726023912548,"user_tz":300,"elapsed":58,"user":{"displayName":"Anjan Kumar Dev","userId":"10866355726897008846"}}},"execution_count":14,"outputs":[]},{"cell_type":"code","source":["def scale_input_data(input_train, input_test):\n","    # Get the shape of the input data\n","    num_samples_train, time_steps_train, num_features = input_train.shape\n","    num_samples_test, time_steps_test, _ = input_test.shape\n","\n","    # Reshape the input data into 2D arrays\n","    flattened_train_data = input_train.reshape(-1, num_features)\n","    flattened_test_data = input_test.reshape(-1, num_features)\n","\n","    # Initialize a MinMaxScaler object\n","    scaler = MinMaxScaler()\n","\n","    # Fit the scaler on the training data and transform both train and test data\n","    scaled_train_data = scaler.fit_transform(flattened_train_data)\n","    scaled_test_data = scaler.transform(flattened_test_data)\n","\n","    # Reshape the scaled data back to its original shape\n","    scaled_train_data = scaled_train_data.reshape(num_samples_train, time_steps_train, num_features)\n","    scaled_test_data = scaled_test_data.reshape(num_samples_test, time_steps_test, num_features)\n","\n","    return scaled_train_data, scaled_test_data\n","\n","def scale_target_var(target_data):\n","    min_val, max_val = np.min(target_data, axis=0), np.max(target_data, axis=0)\n","    target_data = (target_data-min_val)/(max_val-min_val)\n","\n","    return target_data, min_val, max_val"],"metadata":{"id":"9Cb-JntVnzTF","executionInfo":{"status":"ok","timestamp":1726023912550,"user_tz":300,"elapsed":55,"user":{"displayName":"Anjan Kumar Dev","userId":"10866355726897008846"}}},"execution_count":15,"outputs":[]},{"cell_type":"code","source":["input_train, input_test= scale_input_data(input_train[:, (60-sample_size):(180-sample_size), :], input_test[:, (60-sample_size):(180-sample_size), :])\n","# output_train, min_val, max_val = scale_target_var(output_train)"],"metadata":{"id":"X_km3SOxpNy5","executionInfo":{"status":"ok","timestamp":1726023912551,"user_tz":300,"elapsed":51,"user":{"displayName":"Anjan Kumar Dev","userId":"10866355726897008846"}}},"execution_count":16,"outputs":[]},{"cell_type":"code","source":["from keras.utils import to_categorical\n","\n","# Convert the original labels to one-hot encoded format\n","output_train_encoded = to_categorical(output_train, num_classes=4)"],"metadata":{"id":"zKkI-reRpQJB","executionInfo":{"status":"ok","timestamp":1726023912553,"user_tz":300,"elapsed":50,"user":{"displayName":"Anjan Kumar Dev","userId":"10866355726897008846"}}},"execution_count":17,"outputs":[]},{"cell_type":"code","source":["\n","input_val = input_train[val_indices]\n","input_train = input_train[train_indices]\n","output_val = output_train_encoded[val_indices]\n","output_train = output_train_encoded[train_indices]"],"metadata":{"id":"HEtyZYyq_hVZ","executionInfo":{"status":"ok","timestamp":1726023912554,"user_tz":300,"elapsed":47,"user":{"displayName":"Anjan Kumar Dev","userId":"10866355726897008846"}}},"execution_count":18,"outputs":[]},{"cell_type":"code","source":["print(\"input_train :\", input_train.shape)\n","print(\"output_train :\", output_train.shape)\n","print(\"input_val :\", input_val.shape)\n","print(\"output_val :\", output_val.shape)\n","print(\"input_test :\", input_test.shape)\n","print(\"output_test :\", output_test.shape)"],"metadata":{"colab":{"base_uri":"https://localhost:8080/"},"id":"YEmfEwj3AQJO","executionInfo":{"status":"ok","timestamp":1726023912555,"user_tz":300,"elapsed":46,"user":{"displayName":"Anjan Kumar Dev","userId":"10866355726897008846"}},"outputId":"dc01e12b-fb4e-4470-e0c5-7d661ea9bd8b"},"execution_count":19,"outputs":[{"output_type":"stream","name":"stdout","text":["input_train : (36, 120, 47)\n","output_train : (36, 16, 4)\n","input_val : (9, 120, 47)\n","output_val : (9, 16, 4)\n","input_test : (23, 120, 47)\n","output_test : (23, 16)\n"]}]},{"cell_type":"code","source":["from keras.layers import Input, Dense, Dropout, MultiHeadAttention, LayerNormalization, GlobalAveragePooling1D\n","from keras.models import Model\n","from keras.callbacks import EarlyStopping\n","from keras.optimizers import Adam\n","import sklearn\n","import numpy as np\n","import tensorflow as tf\n","\n","np.set_printoptions(precision=2)\n","total_losses = []\n","\n","def transformer_encoder(inputs, head_size, num_heads, ff_dim, dropout=0):\n","    x = LayerNormalization(epsilon=1e-6)(inputs)\n","    x = MultiHeadAttention(key_dim=head_size, num_heads=num_heads, dropout=dropout)(x, x)\n","    x = Dropout(dropout)(x)\n","    res = x + inputs\n","\n","    x = LayerNormalization(epsilon=1e-6)(res)\n","    x = Dense(ff_dim, activation=\"relu\")(x)\n","    x = Dropout(dropout)(x)\n","    x = Dense(inputs.shape[-1])(x)\n","    return x + res\n","\n","def transformer_decoder(inputs, enc_outputs, head_size, num_heads, ff_dim, dropout=0):\n","    # Self attention\n","    x = LayerNormalization(epsilon=1e-6)(inputs)\n","    x = MultiHeadAttention(key_dim=head_size, num_heads=num_heads, dropout=dropout)(x, x)\n","    x = Dropout(dropout)(x)\n","    res = x + inputs\n","\n","    # Cross attention\n","    x = LayerNormalization(epsilon=1e-6)(res)\n","    x = MultiHeadAttention(key_dim=head_size, num_heads=num_heads, dropout=dropout)(x, enc_outputs)\n","    x = Dropout(dropout)(x)\n","    res = x + res\n","\n","    # Feed forward\n","    x = LayerNormalization(epsilon=1e-6)(res)\n","    x = Dense(ff_dim, activation=\"relu\")(x)\n","    x = Dropout(dropout)(x)\n","    x = Dense(inputs.shape[-1])(x)\n","    return x + res\n","\n","def get_transformer(input_shape1, input_shape2):\n","    enc_inputs = Input(shape=(input_shape1, input_shape2))\n","    enc_outputs = transformer_encoder(enc_inputs, head_size=64, num_heads=4, ff_dim=128, dropout=0.2)\n","\n","    dec_inputs = Input(shape=(1, input_shape2))\n","    dec_outputs = transformer_decoder(dec_inputs, enc_outputs, head_size=64, num_heads=4, ff_dim=128, dropout=0.2)\n","\n","    x = GlobalAveragePooling1D()(dec_outputs)\n","    x = Dense(256, activation='relu')(x)\n","    x = Dropout(0.2)(x)\n","    # Output layer for 4-class classification with softmax activation\n","    outputs = Dense(4, activation='softmax')(x)\n","    # Return the model\n","    return Model([enc_inputs, dec_inputs], outputs)\n","\n","for iteration in range(3):\n","    pred_test_final = np.empty((output_test.shape[0], 0))\n","    for subclass in range(16):\n","        # Get input and output layers for Transformer model\n","        model = get_transformer(120, 47)\n","        model.compile(loss='categorical_crossentropy', optimizer='adam', metrics=['accuracy'])\n","\n","        # Create decoder inputs (zeros)\n","        train_dec_input = np.zeros((input_train.shape[0], 1, input_train.shape[2]))\n","        val_dec_input = np.zeros((input_val.shape[0], 1, input_val.shape[2]))\n","        test_dec_input = np.zeros((input_test.shape[0], 1, input_test.shape[2]))\n","\n","        best_val = 1000000\n","        patience = 0\n","        best_model = None\n","\n","        # Assuming `output_train_encoded` contains one-hot encoded labels\n","        for k in range(50):\n","            # Fit the model\n","            model.fit([input_train, train_dec_input], output_train[:, subclass], epochs=1, batch_size=32)\n","\n","            pred_val = model.predict([input_val, val_dec_input])\n","\n","            # Calculate validation loss (categorical crossentropy is already handled in training)\n","            loss = sklearn.metrics.mean_squared_error(np.argmax(pred_val, axis=1), np.argmax(output_val[:, subclass], axis=1), squared=False)\n","\n","            if loss <= best_val:\n","                best_val = loss\n","                patience = 0\n","                best_model = model\n","            else:\n","                patience += 1\n","                if patience > 10:\n","                    print(\"Early stopping at iteration:\", k)\n","                    break\n","\n","        # Predict on the test set using the best model\n","        pred_test = best_model.predict([input_test, test_dec_input])\n","        pred_test_classes = np.argmax(pred_test, axis=1)\n","        pred_test_final = np.hstack((pred_test_final, pred_test_classes.reshape(-1, 1)))\n","\n","    # Summing predictions to calculate total SSQ for each test sample\n","    pred_total_ssq = []\n","    for i in range(pred_test.shape[0]):\n","        total_ssq = 0\n","        for j in [0, 5, 6, 7, 8, 14, 15]:\n","            total_ssq += np.sum(pred_test_final[i, j])\n","\n","        for j in [0, 1, 2, 3, 4, 8, 10]:\n","            total_ssq += np.sum(pred_test_final[i, j])\n","\n","        for j in [4, 7, 9, 10, 11, 12, 13]:\n","            total_ssq += np.sum(pred_test_final[i, j])\n","\n","        total_ssq = total_ssq * 3.74\n","        pred_total_ssq.append(total_ssq)\n","\n","    # Calculate test loss\n","    loss = sklearn.metrics.mean_squared_error(pred_total_ssq, output_test_total_ssq, squared=False)\n","    print(\"Test Loss:\", loss)\n","    total_losses.append(loss)\n","\n","# Calculate and print average loss over iterations\n","average_loss = sum(total_losses) / len(total_losses)\n","print(\"Average Test Loss:\", average_loss)\n"],"metadata":{"id":"rvGCixS4RCEs","executionInfo":{"status":"ok","timestamp":1726025499907,"user_tz":300,"elapsed":1587387,"user":{"displayName":"Anjan Kumar Dev","userId":"10866355726897008846"}},"colab":{"base_uri":"https://localhost:8080/"},"outputId":"cd25e491-9fb8-4d51-8bd6-a335014dcfe4"},"execution_count":20,"outputs":[{"output_type":"stream","name":"stderr","text":["/usr/local/lib/python3.10/dist-packages/keras/src/ops/nn.py:545: UserWarning: You are using a softmax over axis 3 of a tensor of shape (None, 4, 1, 1). This axis has size 1. The softmax operation will always return the value 1, which is likely not what you intended. Did you mean to use a sigmoid instead?\n","  warnings.warn(\n"]},{"output_type":"stream","name":"stdout","text":["\u001b[1m2/2\u001b[0m \u001b[32m━━━━━━━━━━━━━━━━━━━━\u001b[0m\u001b[37m\u001b[0m \u001b[1m11s\u001b[0m 41ms/step - accuracy: 0.4815 - loss: 1.1773\n"]},{"output_type":"stream","name":"stderr","text":["/usr/local/lib/python3.10/dist-packages/keras/src/ops/nn.py:545: UserWarning: You are using a softmax over axis 3 of a tensor of shape (9, 4, 1, 1). This axis has size 1. The softmax operation will always return the value 1, which is likely not what you intended. Did you mean to use a sigmoid instead?\n","  warnings.warn(\n"]},{"output_type":"stream","name":"stdout","text":["\u001b[1m1/1\u001b[0m \u001b[32m━━━━━━━━━━━━━━━━━━━━\u001b[0m\u001b[37m\u001b[0m \u001b[1m0s\u001b[0m 424ms/step\n","\u001b[1m2/2\u001b[0m \u001b[32m━━━━━━━━━━━━━━━━━━━━\u001b[0m\u001b[37m\u001b[0m \u001b[1m0s\u001b[0m 32ms/step - accuracy: 0.4815 - loss: 1.0675 \n","\u001b[1m1/1\u001b[0m \u001b[32m━━━━━━━━━━━━━━━━━━━━\u001b[0m\u001b[37m\u001b[0m \u001b[1m0s\u001b[0m 37ms/step\n","\u001b[1m2/2\u001b[0m \u001b[32m━━━━━━━━━━━━━━━━━━━━\u001b[0m\u001b[37m\u001b[0m \u001b[1m0s\u001b[0m 31ms/step - accuracy: 0.5104 - loss: 1.0188 \n","\u001b[1m1/1\u001b[0m \u001b[32m━━━━━━━━━━━━━━━━━━━━\u001b[0m\u001b[37m\u001b[0m \u001b[1m0s\u001b[0m 37ms/step\n","\u001b[1m2/2\u001b[0m \u001b[32m━━━━━━━━━━━━━━━━━━━━\u001b[0m\u001b[37m\u001b[0m \u001b[1m0s\u001b[0m 35ms/step - accuracy: 0.5000 - loss: 1.0537 \n","\u001b[1m1/1\u001b[0m \u001b[32m━━━━━━━━━━━━━━━━━━━━\u001b[0m\u001b[37m\u001b[0m \u001b[1m0s\u001b[0m 37ms/step\n","\u001b[1m2/2\u001b[0m \u001b[32m━━━━━━━━━━━━━━━━━━━━\u001b[0m\u001b[37m\u001b[0m \u001b[1m0s\u001b[0m 30ms/step - accuracy: 0.5185 - loss: 1.0475 \n","\u001b[1m1/1\u001b[0m \u001b[32m━━━━━━━━━━━━━━━━━━━━\u001b[0m\u001b[37m\u001b[0m \u001b[1m0s\u001b[0m 38ms/step\n","\u001b[1m2/2\u001b[0m \u001b[32m━━━━━━━━━━━━━━━━━━━━\u001b[0m\u001b[37m\u001b[0m \u001b[1m0s\u001b[0m 30ms/step - accuracy: 0.6053 - loss: 0.9923 \n","\u001b[1m1/1\u001b[0m \u001b[32m━━━━━━━━━━━━━━━━━━━━\u001b[0m\u001b[37m\u001b[0m \u001b[1m0s\u001b[0m 38ms/step\n","\u001b[1m2/2\u001b[0m \u001b[32m━━━━━━━━━━━━━━━━━━━━\u001b[0m\u001b[37m\u001b[0m \u001b[1m0s\u001b[0m 50ms/step - accuracy: 0.4340 - loss: 0.9208 \n","\u001b[1m1/1\u001b[0m \u001b[32m━━━━━━━━━━━━━━━━━━━━\u001b[0m\u001b[37m\u001b[0m \u001b[1m0s\u001b[0m 55ms/step\n","\u001b[1m2/2\u001b[0m \u001b[32m━━━━━━━━━━━━━━━━━━━━\u001b[0m\u001b[37m\u001b[0m \u001b[1m0s\u001b[0m 66ms/step - accuracy: 0.5185 - loss: 0.9293\n","\u001b[1m1/1\u001b[0m \u001b[32m━━━━━━━━━━━━━━━━━━━━\u001b[0m\u001b[37m\u001b[0m \u001b[1m0s\u001b[0m 64ms/step\n","\u001b[1m2/2\u001b[0m \u001b[32m━━━━━━━━━━━━━━━━━━━━\u001b[0m\u001b[37m\u001b[0m \u001b[1m0s\u001b[0m 56ms/step - accuracy: 0.5579 - loss: 0.9083\n","\u001b[1m1/1\u001b[0m \u001b[32m━━━━━━━━━━━━━━━━━━━━\u001b[0m\u001b[37m\u001b[0m \u001b[1m0s\u001b[0m 60ms/step\n","\u001b[1m2/2\u001b[0m \u001b[32m━━━━━━━━━━━━━━━━━━━━\u001b[0m\u001b[37m\u001b[0m \u001b[1m0s\u001b[0m 60ms/step - accuracy: 0.5764 - loss: 0.8549\n","\u001b[1m1/1\u001b[0m \u001b[32m━━━━━━━━━━━━━━━━━━━━\u001b[0m\u001b[37m\u001b[0m \u001b[1m0s\u001b[0m 70ms/step\n","\u001b[1m2/2\u001b[0m \u001b[32m━━━━━━━━━━━━━━━━━━━━\u001b[0m\u001b[37m\u001b[0m \u001b[1m0s\u001b[0m 60ms/step - accuracy: 0.5660 - loss: 0.9481\n","\u001b[1m1/1\u001b[0m \u001b[32m━━━━━━━━━━━━━━━━━━━━\u001b[0m\u001b[37m\u001b[0m \u001b[1m0s\u001b[0m 63ms/step\n","\u001b[1m2/2\u001b[0m \u001b[32m━━━━━━━━━━━━━━━━━━━━\u001b[0m\u001b[37m\u001b[0m \u001b[1m0s\u001b[0m 52ms/step - accuracy: 0.7315 - loss: 0.7529 \n","\u001b[1m1/1\u001b[0m \u001b[32m━━━━━━━━━━━━━━━━━━━━\u001b[0m\u001b[37m\u001b[0m \u001b[1m0s\u001b[0m 38ms/step\n","\u001b[1m2/2\u001b[0m \u001b[32m━━━━━━━━━━━━━━━━━━━━\u001b[0m\u001b[37m\u001b[0m \u001b[1m0s\u001b[0m 32ms/step - accuracy: 0.7500 - loss: 0.7343 \n","\u001b[1m1/1\u001b[0m \u001b[32m━━━━━━━━━━━━━━━━━━━━\u001b[0m\u001b[37m\u001b[0m \u001b[1m0s\u001b[0m 38ms/step\n","\u001b[1m2/2\u001b[0m \u001b[32m━━━━━━━━━━━━━━━━━━━━\u001b[0m\u001b[37m\u001b[0m \u001b[1m0s\u001b[0m 40ms/step - accuracy: 0.6921 - loss: 0.7785 \n","\u001b[1m1/1\u001b[0m \u001b[32m━━━━━━━━━━━━━━━━━━━━\u001b[0m\u001b[37m\u001b[0m \u001b[1m0s\u001b[0m 37ms/step\n","\u001b[1m2/2\u001b[0m \u001b[32m━━━━━━━━━━━━━━━━━━━━\u001b[0m\u001b[37m\u001b[0m \u001b[1m0s\u001b[0m 34ms/step - accuracy: 0.7130 - loss: 0.8193 \n","\u001b[1m1/1\u001b[0m \u001b[32m━━━━━━━━━━━━━━━━━━━━\u001b[0m\u001b[37m\u001b[0m \u001b[1m0s\u001b[0m 48ms/step\n","\u001b[1m2/2\u001b[0m \u001b[32m━━━━━━━━━━━━━━━━━━━━\u001b[0m\u001b[37m\u001b[0m \u001b[1m0s\u001b[0m 34ms/step - accuracy: 0.7211 - loss: 0.7460 \n","\u001b[1m1/1\u001b[0m \u001b[32m━━━━━━━━━━━━━━━━━━━━\u001b[0m\u001b[37m\u001b[0m \u001b[1m0s\u001b[0m 37ms/step\n","\u001b[1m2/2\u001b[0m \u001b[32m━━━━━━━━━━━━━━━━━━━━\u001b[0m\u001b[37m\u001b[0m \u001b[1m0s\u001b[0m 33ms/step - accuracy: 0.7500 - loss: 0.7789 \n","\u001b[1m1/1\u001b[0m \u001b[32m━━━━━━━━━━━━━━━━━━━━\u001b[0m\u001b[37m\u001b[0m \u001b[1m0s\u001b[0m 50ms/step\n","\u001b[1m2/2\u001b[0m \u001b[32m━━━━━━━━━━━━━━━━━━━━\u001b[0m\u001b[37m\u001b[0m \u001b[1m0s\u001b[0m 37ms/step - accuracy: 0.7315 - loss: 0.7062 \n","\u001b[1m1/1\u001b[0m \u001b[32m━━━━━━━━━━━━━━━━━━━━\u001b[0m\u001b[37m\u001b[0m \u001b[1m0s\u001b[0m 42ms/step\n","\u001b[1m2/2\u001b[0m \u001b[32m━━━━━━━━━━━━━━━━━━━━\u001b[0m\u001b[37m\u001b[0m \u001b[1m0s\u001b[0m 32ms/step - accuracy: 0.7500 - loss: 0.7292 \n","\u001b[1m1/1\u001b[0m \u001b[32m━━━━━━━━━━━━━━━━━━━━\u001b[0m\u001b[37m\u001b[0m \u001b[1m0s\u001b[0m 43ms/step\n","\u001b[1m2/2\u001b[0m \u001b[32m━━━━━━━━━━━━━━━━━━━━\u001b[0m\u001b[37m\u001b[0m \u001b[1m0s\u001b[0m 33ms/step - accuracy: 0.7685 - loss: 0.6441 \n","\u001b[1m1/1\u001b[0m \u001b[32m━━━━━━━━━━━━━━━━━━━━\u001b[0m\u001b[37m\u001b[0m \u001b[1m0s\u001b[0m 45ms/step\n","\u001b[1m2/2\u001b[0m \u001b[32m━━━━━━━━━━━━━━━━━━━━\u001b[0m\u001b[37m\u001b[0m \u001b[1m0s\u001b[0m 30ms/step - accuracy: 0.7812 - loss: 0.6825 \n","\u001b[1m1/1\u001b[0m \u001b[32m━━━━━━━━━━━━━━━━━━━━\u001b[0m\u001b[37m\u001b[0m \u001b[1m0s\u001b[0m 36ms/step\n","\u001b[1m2/2\u001b[0m \u001b[32m━━━━━━━━━━━━━━━━━━━━\u001b[0m\u001b[37m\u001b[0m \u001b[1m0s\u001b[0m 35ms/step - accuracy: 0.6632 - loss: 0.7515 \n","\u001b[1m1/1\u001b[0m \u001b[32m━━━━━━━━━━━━━━━━━━━━\u001b[0m\u001b[37m\u001b[0m \u001b[1m0s\u001b[0m 37ms/step\n","\u001b[1m2/2\u001b[0m \u001b[32m━━━━━━━━━━━━━━━━━━━━\u001b[0m\u001b[37m\u001b[0m \u001b[1m0s\u001b[0m 34ms/step - accuracy: 0.7211 - loss: 0.7053 \n","\u001b[1m1/1\u001b[0m \u001b[32m━━━━━━━━━━━━━━━━━━━━\u001b[0m\u001b[37m\u001b[0m \u001b[1m0s\u001b[0m